#streetID cars_that_crossed_this_street
4245317 1
4245321 1
4245330 3
4245337 1
4245341 7
4245345 2
4245346 9
4245347 1
4245348 6
4245352 2
4247946 1
4247947 3
4247948 4
4247949 7
4276749 1
4949528 1
4949535 2
4949723 6
4950835 9
4951067 2
4951069 6
4951070 1
4951071 3
4951292 5
4951293 2
4951338 1
4951339 1
4951340 4
4951377 1
4951382 2
4951429 3
4951467 1
4951497 2
4951498 1
6171077 2
8043279 1
10140405 1
10140484 3
10140555 2
10140730 2
10141263 7
10148346 2
10148347 1
10639982 2
10639983 1
10640840 14
10640841 2
11353130 2
11353959 1
11353963 2
11354434 1
11377078 1
11490990 1
13277499 1
13277836 4
13278244 1
13279890 1
13279979 1
13280171 1
13280218 1
13869315 1
13869340 3
13869401 1
13886742 1
13887779 1
13888962 1
15446109 1
15447207 5
15450139 1
15450768 2
15458320 1
15462202 1
15462205 1
18888065 4
19735142 1
19735205 8
19735692 2
19735698 2
19735845 5
19754726 13
20870170 1
20878280 5
20878284 1
20878288 2
20881246 1
20882917 1
20882924 2
20884504 1
20887619 1
20894081 1
20900287 1
20900295 6
20901242 1
20909436 2
20909441 1
20913023 1
20931229 1
20933527 4
20935765 2
20935772 3
22690669 10
22716368 1
22716442 1
22716489 6
22735086 1
22735114 1
22737073 1
22737076 1
22801764 1
22801767 1
22815357 1
22818101 1
22820424 1
22820808 1
22823209 1
22868575 1
22871125 1
22873681 1
22873746 2
22874074 1
22874080 1
22878426 1
22878456 3
22878481 1
22880282 3
22880293 5
22880319 1
22880422 8
22884893 2
22884964 2
22885048 1
22885181 1
22885424 3
22885429 1
22885460 2
22885513 1
22885521 1
22885648 1
22885654 1
22885698 2
22885714 1
22886061 1
22886081 3
22886091 2
22886136 3
22886161 8
22886177 2
22886200 1
22886388 1
22886416 1
22886435 2
22886476 2
22886485 4
22886577 1
22886695 3
22886735 1
22890887 2
22894036 1
22897691 1
22897786 2
22897789 8
22900781 1
22900817 1
22900827 3
22900878 2
22905691 1
22907615 1
22908029 1
22908183 1
22908202 2
22908255 2
22912136 2
22943369 1
22946861 1
22946872 1
22946995 1
22947021 1
22947125 1
22947219 1
22950990 1
22951250 1
22951313 3
22951369 3
22951389 1
22951460 2
22951527 4
22951603 1
22951605 3
22951615 1
22951657 1
22951696 2
22951711 10
22951712 3
22951719 6
22951725 2
22951774 8
22951775 20
22951799 3
22955592 5
22955640 1
22955642 2
22955683 1
22955686 1
22955833 3
22956003 1
22956103 1
22956135 1
22961183 1
22978771 1
22978808 4
22978812 7
22978823 3
22978876 11
22978886 8
22978888 1
22978895 1
22978898 3
22978903 9
22978906 2
22978926 1
22978928 1
22978985 1
22978991 1
22979056 1
22979103 5
22979122 5
22979125 7
22988990 1
22989065 1
22989330 1
22989438 2
22989439 2
22989444 2
22989445 1
22989470 2
22989486 2
22989573 1
22989581 2
22989585 1
22989606 2
22989923 1
22989968 1
22990572 1
22991764 1
23032015 1
23032260 1
23032806 2
23032812 17
23034273 1
23035857 1
23036521 1
23036528 1
23036910 1
23036916 1
23036922 4
23046199 1
23112579 1
23112858 1
23173309 1
23173316 1
23173322 1
23173402 2
23173461 8
23173469 1
23173472 1
23173577 1
23173616 8
23173669 15
23173686 1
23173701 2
23173724 12
23198667 2
23199081 1
23199194 1
23199372 1
23199718 1
23206800 1
23266158 1
23266533 1
23275867 1
23276036 1
23283758 1
23286269 1
23286271 1
23316477 1
23316528 1
23321760 1
23328037 1
23337310 2
23337312 5
23337313 23
23338247 1
23338248 1
23338252 2
23338545 1
23338548 2
23338774 1
23365840 1
23365874 1
23365941 1
23393722 1
23393766 1
23425531 1
23425569 1
23425632 2
23425637 2
23432373 1
23442372 14
23442373 6
23442526 1
23442669 8
23442670 4
23442672 7
23463860 2
23481486 2
23483386 2
23483488 1
23483492 1
23484200 1
23484204 1
23484575 1
23484576 1
23502219 3
23502339 6
23551577 1
23551578 1
23551579 1
23551580 3
23551749 1
23551750 1
23551751 1
23551904 2
23560288 5
23560289 2
23583742 2
23583912 1
23585034 5
23585111 1
23585125 1
23585207 1
23589546 3
23589548 1
23589693 2
23589874 4
23590149 3
23590150 1
23590221 1
23590222 1
23590494 2
23590699 1
23591371 1
23591372 1
23591593 1
23599658 1
23599659 2
23599660 1
23599662 1
23607558 2
23607569 8
23607583 1
23645904 3
23694677 2
23694678 1
23694687 8
23694690 4
23694692 2
23694979 1
23702029 1
23702032 1
23716643 2
23716707 1
23725657 1
23725658 1
23751830 5
23764635 2
23764637 2
23765988 1
23780680 1
23780683 1
23783818 1
23784941 1
23784996 1
23787622 1
23787623 2
23788131 1
23788133 1
23788134 4
23800711 2
23800894 4
23894682 2
23894807 5
23898552 1
23898553 9
23899065 1
23899179 1
23900031 1
23900032 1
23900393 1
23901722 1
23901751 1
23901809 2
23902154 1
23911101 1
23914013 1
23914020 4
23914037 2
23914145 3
23915573 1
23916390 1
23916393 2
23916503 3
23916608 1
23919598 1
23920083 1
23920114 2
23920132 2
23920270 3
23920305 2
23920448 17
23920457 11
23920509 2
23920517 1
23920541 1
23920573 1
23920592 5
23920593 1
23920606 1
23920616 1
23920633 2
23920818 1
23920831 2
23920863 4
23920869 1
23920896 1
23920977 3
23921090 1
23921139 1
23921142 1
23921159 3
23921160 7
23921173 2
23944940 1
23945055 1
23945145 1
23949433 2
23949469 1
23949472 1
23951089 1
23951167 1
23951291 1
23951648 1
23952559 5
23953402 1
23953487 1
23954824 1
23954999 1
23972414 1
23972415 2
23980774 1
23996930 1
23999790 1
23999791 1
24024205 1
24040413 1
24040425 2
24040427 1
24057669 2
24057743 1
24057744 2
24057780 1
24057785 1
24057786 1
24146775 1
24152802 1
24163219 1
24163223 3
24163251 2
24163258 1
24163277 1
24163294 1
24163479 3
24164001 2
24164134 2
24164248 1
24164249 1
24164250 2
24164251 3
24164252 3
24178038 1
24179183 11
24179242 1
24179318 1
24180107 2
24180680 2
24180919 3
24181029 3
24186681 1
24186718 1
24186802 1
24186822 1
24186878 3
24187347 1
24187372 1
24187376 2
24187879 9
24198511 1
24200141 1
24202253 1
24202567 1
24207196 3
24207245 3
24207458 1
24208178 3
24208207 2
24208276 1
24228660 1
24228662 1
24228663 7
24235353 1
24240371 3
24240378 1
24240387 1
24240402 1
24240410 1
24240431 1
24240432 2
24240444 2
24240447 2
24240462 4
24240563 7
24240565 1
24240571 2
24240573 1
24240583 5
24240594 7
24240595 10
24240630 1
24240642 4
24240703 1
24244095 1
24244183 1
24244230 1
24244585 1
24276236 3
24276494 1
24346474 3
24346475 3
24389531 1
24432676 1
24450967 6
24451028 1
24504875 1
24505109 1
24505111 1
24535275 1
24568069 2
24568214 1
24568215 1
24593792 3
24593794 6
24593795 1
24609412 3
24609458 1
24609537 3
24609543 2
24614829 1
24614914 1
24615176 1
24615194 2
24615246 1
24615253 1
24615699 1
24694985 1
24694986 1
24865611 1
24865612 1
24866011 1
24866083 1
24866085 2
24866114 1
24866117 2
24866157 1
24873518 1
24873633 1
24873634 2
24874242 2
24875996 1
24876564 4
24876565 1
24876797 1
24876984 1
24876986 2
24876987 1
24877150 2
24877178 1
24877400 9
24893914 1
24893917 1
24896674 2
24897848 1
24897849 1
24897850 1
24897851 5
24897859 1
24900436 1
24902594 3
24902595 4
24902596 5
24903319 1
25266221 1
25372241 1
25372242 1
25372716 1
25373198 1
25373347 1
25483017 1
25556815 1
25556823 1
25584739 1
25589249 1
25649567 2
25650073 1
25657817 2
25661550 1
25661616 1
25661828 2
25661832 1
25661868 7
25661948 2
25661965 4
25681174 4
25694084 8
25694088 6
25694090 5
25694091 3
25694093 3
25694095 1
25694098 1
25695354 1
25732686 2
25752412 2
25752430 2
25752436 7
25752439 7
25752479 8
25752494 9
25752498 17
25752503 20
25752804 2
25752812 3
25752820 4
25752823 1
25753317 1
25753365 1
25753392 1
25767969 1
25768313 1
25768348 1
25775093 1
25877239 1
25991395 2
25992136 1
25992504 1
26172561 1
26172562 1
26172575 1
26172984 1
26173127 2
26178956 1
26183425 1
26183427 1
26183428 1
26184476 1
26228571 1
26295480 2
26347507 1
26547902 1
26548106 2
26591904 1
26593212 4
26593214 1
26593217 1
26593218 4
26596046 1
26596047 1
26643657 1
26643658 5
26643670 1
26663935 1
26664877 15
26665014 2
26665019 3
26665054 1
26665145 6
26665226 1
26665282 1
26665321 7
26665381 1
26665436 12
26665454 1
26665479 1
26784672 3
26784714 1
26785317 2
26785337 2
26785653 1
26785729 3
26785824 1
26786469 1
26786491 1
26786689 1
26786690 1
26792808 1
26792825 1
26792838 1
26792901 1
26792907 1
26792990 1
26793018 1
26793019 1
26793022 3
26793103 1
26793163 1
26800636 1
26800842 1
26801506 1
26802188 2
26802721 1
26804388 1
26804433 1
26804599 1
26804622 4
26804822 2
26816684 1
26944593 2
26945327 1
26946229 1
26946772 1
26957305 1
26957327 1
26967749 1
26981447 1
26981717 1
26984589 1
26986430 2
26992531 1
26992547 1
27012462 1
27012678 2
27027176 1
27030071 1
27038554 1
27038555 1
27065737 1
27065788 1
27081536 1
27127867 1
27136281 1
27159007 1
27164150 1
27170276 1
27186753 1
27186764 1
27186771 1
27186958 1
27186976 1
27187339 1
27198590 1
27200921 1
27207443 2
27207905 1
27208345 1
27208354 1
27209126 1
27285753 1
27285754 1
27308955 1
27309823 1
27309841 1
27312601 1
27312606 2
27314769 1
27316942 1
27317195 3
27318075 1
27318082 1
27318116 1
27318132 1
27318210 1
27318214 1
27335753 3
27335946 1
27336225 1
27336493 1
27337742 1
27337870 1
27338044 1
27339390 1
27340254 1
27340302 1
27341273 1
27342509 1
27342516 1
27342708 1
27359083 1
27374956 1
27414083 2
27414100 1
27414105 1
27414159 4
27414175 6
27421113 1
27421141 1
27421143 1
27421279 1
27421338 1
27421370 1
27421477 2
27430781 5
27430843 1
27432402 1
27432487 1
27434105 4
27445348 20
27445416 1
27445711 1
27445941 1
27446009 1
27446040 2
27446060 1
27446141 4
27446160 1
27457260 1
27457355 2
27475079 1
27494708 1
27509342 1
27510617 1
27522004 1
27523698 1
27524615 1
27524802 2
27524806 2
27524879 1
27524899 1
27525178 1
27525625 1
27527242 1
27529090 1
27568492 1
27571232 1
27572381 1
27591373 1
27620471 1
27632193 1
27634213 1
27670703 1
27670707 1
27670744 2
27670819 2
27671866 1
27695458 1
27734194 2
27736005 5
27736025 2
27785289 1
27785442 1
27785453 1
27785656 1
27785657 1
27785699 1
27786367 1
27797955 1
27804848 1
27804853 1
27804995 4
27805545 2
27806397 1
27806527 1
27806541 1
27806583 1
27806586 1
27806901 1
27808431 1
27808498 2
27852698 2
27853013 2
27854017 2
27854060 1
27854192 23
27856603 3
27856642 1
27856650 2
27856790 1
27856820 1
27857472 1
27858572 3
27858574 2
27858592 1
27858610 1
27858619 2
27858620 1
27858627 1
27858631 1
27858634 2
27864596 1
27864598 1
27864925 2
27875966 1
27881815 1
27881915 1
27881921 1
27882132 2
27882309 1
27882311 1
27896884 1
27897990 2
27898010 1
27898022 1
27898091 2
27898099 1
27922072 1
27922133 1
27922136 1
27922140 1
27922366 1
27942524 1
27943550 2
27944275 2
27944567 1
27944812 1
27947782 1
27947800 1
28004936 1
28039201 1
28039218 1
28039447 2
28039454 1
28039561 2
28039668 9
28039699 1
28039861 1
28057616 1
28057722 1
28059789 1
28060333 1
28063517 3
28081939 1
28092462 1
28093032 1
28093353 1
28093671 3
28098209 1
28100585 1
28101511 1
28117831 1
28117832 1
28136186 1
28136864 1
28137084 2
28155027 1
28155079 1
28157827 11
28157912 17
28157950 5
28159140 3
28159153 5
28159241 1
28159302 2
28159318 2
28159322 2
28159410 1
28159530 2
28159535 1
28159587 1
28159592 1
28159593 3
28159632 3
28159703 3
28159906 1
28160163 3
28160193 5
28160224 9
28160228 1
28160250 2
28160257 1
28160277 1
28160280 1
28160284 1
28160285 1
28160297 4
28160300 5
28160319 4
28160397 2
28160494 19
28160512 15
28160524 2
28160762 1
28160764 2
28160777 2
28160895 3
28160909 3
28160933 4
28160937 3
28160938 11
28193124 2
28193683 1
28193703 1
28193749 1
28203685 1
28204027 1
28204400 1
28213273 1
28213464 1
28213516 1
28213659 9
28213811 1
28213999 1
28214069 1
28264041 1
28264124 2
28264126 2
28273624 1
28273672 1
28323919 1
28324053 1
28324459 2
28324805 1
28324813 1
28325527 1
28326211 1
28374695 2
28374976 2
28374985 1
28375107 2
28375110 1
28375201 1
28435370 1
28523606 1
28523867 2
28523892 1
28523985 2
28524456 2
28549727 1
28549795 1
28603443 1
28603522 1
28603524 1
28603630 1
28606743 1
28606745 1
28615134 1
28654520 1
28654914 1
28654927 1
28654937 1
28654941 1
28654943 1
28667740 3
28669814 1
28674035 1
28674038 3
28674119 2
28674260 33
28674386 5
28674532 3
28674721 2
28676419 3
28676423 4
28676461 4
28676658 6
28676773 12
28676777 4
28676790 5
28676905 1
28676913 2
28676925 6
28676938 6
28677109 4
28677119 12
28677439 1
28677879 5
28678012 1
28867156 3
28867158 3
28867286 2
28867355 1
28867404 3
28867428 1
28867489 3
28867513 3
28867537 1
28867542 1
28867552 1
28873044 2
28884131 1
29017105 1
29088990 1
29088991 1
29088992 1
29089207 1
29249215 3
29249501 1
29249514 3
29269320 1
29269327 1
29298899 1
29415760 1
29454765 1
29465772 1
29490495 1
29492375 3
29492987 1
29754417 6
29754567 3
29755320 1
29923724 2
29925573 2
30045186 1
30045187 1
30045189 2
30045190 2
30059073 2
30060789 1
30060813 1
30100508 1
30100853 1
30103429 1
30104103 1
30104115 1
30129040 1
30129146 1
30129285 1
30129287 1
30129298 1
30129545 1
30129590 1
30129612 1
30132488 1
30132729 2
30132952 2
30132981 1
30154360 1
30175352 1
30175382 1
30175405 1
30175408 1
30219351 1
30219352 1
30297800 1
30299181 1
30301096 3
30336844 1
30589082 1
30636948 1
30703869 1
30703871 2
30703872 1
30703875 2
30703876 2
30704068 1
30704069 1
30704070 2
30704071 2
30704072 1
30704073 2
30704076 1
30710923 2
31865703 3
31867064 2
31875197 6
31875676 1
31875697 1
31875717 1
31875718 1
32203737 1
32404637 3
32454219 2
32454221 5
32454222 3
32454487 1
32454489 5
32454490 5
32454491 6
32454492 4
32455055 3
32504610 1
32504695 1
32516599 1
32558835 1
32572650 2
32572651 2
32601842 1
32688703 1
32688707 4
32705420 1
32705513 1
32705747 1
32733360 1
32733861 1
32756603 2
32756903 1
32757418 1
32784810 9
32784811 2
32808033 1
32808974 1
32808977 1
33050215 1
33050216 1
33050529 2
33051231 1
33052965 1
33052966 1
33052967 1
33072389 1
33116979 1
33116980 1
33116981 2
33117343 1
33124693 4
33169214 3
33169941 1
33188913 1
33189035 4
33189483 1
33189485 1
33196324 3
33196508 1
33196510 2
33196659 1
33198095 3
33200020 1
33206209 1
33212148 2
33224417 3
33233610 2
33236412 1
33238355 1
33241178 1
33241548 1
33242607 1
33242611 1
33278080 1
33279736 5
33279940 4
33280057 1
33280118 3
33280119 3
33281250 2
33281253 2
33281255 1
33281257 3
33281285 3
33281525 3
33281526 2
33286760 4
33289384 3
33289387 3
33289750 1
33289752 1
33289755 2
33292059 1
33292784 1
33294474 10
33294476 9
33294483 1
33294484 1
33294485 1
33326081 1
33326085 2
33326089 2
33396447 1
33397913 4
33529648 4
33531459 1
33531487 1
33531525 1
33559116 1
33574385 1
33578845 1
33581957 1
33604921 3
33604924 6
33606500 8
33606501 1
33606785 2
33607831 5
33607832 2
33608023 4
33652482 1
33652505 1
33652768 1
33653457 4
33682064 1
33682066 1
33682394 1
33683282 2
33684610 2
33684611 1
33684612 1
33684613 2
33686520 1
33687247 1
33811738 1
33819351 1
33873948 1
33972259 2
34058938 2
34126827 1
34126872 1
34126922 1
34127682 1
34127684 1
34148241 1
34343420 1
34345113 1
34363693 1
34409199 2
34409200 2
34491817 1
34495627 1
34495765 1
34496700 1
34497786 1
34506937 5
34506938 2
34512138 1
34517290 1
34517291 1
34583860 1
34584125 1
34584895 2
34584896 3
34585178 3
34585179 1
34585180 1
34585181 1
34586163 2
34589991 1
34590035 1
34590112 1
34590410 1
34592471 1
34592472 1
34612435 1
34700139 1
34700140 1
34700141 1
34700143 1
34700144 1
34700978 1
34860259 1
34861347 4
35017795 3
35022263 1
35221459 13
35221460 2
35221461 1
35274859 3
35275276 1
35305511 36
35305512 1
35305513 32
35305514 6
35305515 1
35305633 1
35305634 1
35305924 2
35306128 17
35306204 1
35306301 1
35306337 25
35306338 6
35306339 20
35306340 1
35306341 1
35306439 2
35306440 2
35316839 1
35330648 1
35385101 1
35388995 1
35405589 8
35405618 2
35406073 2
35406489 1
35406491 2
35406530 1
35407368 1
35407369 3
35407712 5
35407713 2
35407714 6
35407999 2
35408129 3
35408130 3
35408713 2
35408714 2
35408716 3
35427455 2
35718526 1
35721112 1
35721131 1
35741204 1
35741207 1
35741208 1
35795096 1
35898787 7
35899247 7
35901185 4
36165110 1
36165169 1
36383147 1
36383155 1
36385531 1
36385538 1
36779390 1
36779391 2
36779753 4
36779947 1
36779948 2
36842316 1
36905893 1
36906094 1
36906095 1
36906116 1
36911757 1
36912203 1
36912204 1
36912206 1
36912208 1
36912581 1
36912582 1
36912583 1
36912691 3
36950652 1
36977565 3
36977566 1
36977567 1
36977571 1
37013548 2
37117384 1
37117385 1
37117725 1
37117727 1
37191011 1
37300071 1
37730233 6
37946044 1
37947185 1
38105962 2
38144046 9
38145799 1
38146410 1
38235259 4
38279648 3
38279649 2
38279650 1
38279845 3
38280082 3
38280083 2
38280152 1
38280153 2
38280154 3
38280214 4
38280295 1
38283269 1
38285809 1
38492107 1
38494090 3
38727013 1
39001653 5
39033118 1
39035059 2
39214753 6
39303075 2
39303077 1
39420819 1
39420820 1
39504728 2
39523494 1
39523495 1
40716690 1
40816880 1
41116147 1
41156427 1
41156437 2
41215348 1
41460437 1
42739327 1
43128577 1
43565198 1
43570225 1
43573819 1
43636200 2
43675612 1
43701031 2
44098905 1
44457233 1
44624133 1
44624224 1
44626198 1
44626200 1
44627127 1
44950825 8
44950826 8
45243216 1
45297790 2
46946217 1
46946219 1
47454131 1
47454134 1
47454135 1
47844645 2
47984262 6
47985937 2
47985938 1
47985939 2
47985941 1
48029337 4
48029338 3
48045799 1
48052502 4
48135109 1
48178957 1
48204289 2
48204290 2
48204291 3
48235556 1
48235560 1
48258456 1
48285799 4
48285810 1
48286209 1
48299395 3
48299396 9
48299397 12
48372012 1
48391046 2
48391048 1
48410805 1
48410813 3
48410820 1
48410823 1
48443099 1
48520535 1
48520536 3
48520537 1
48520540 1
48520541 10
48520544 4
48520545 1
48520548 5
48520551 1
48520558 1
48523373 1
48523374 1
48539031 1
48539034 1
48539035 1
48550584 3
48550585 3
48550590 3
48550594 2
48559215 2
48562762 1
48562771 1
48562772 1
48564746 1
48564751 1
48564757 1
48579139 1
48585794 4
48585798 1
48586705 1
48586706 1
48586708 1
48598972 2
48598977 5
48598979 3
48598982 3
48598984 5
48598988 1
48598990 2
48598991 5
48599217 4
48600433 1
48600435 1
48601335 1
48605334 1
48605345 1
48635365 2
48635368 1
48635370 1
48658203 1
48659655 1
48660142 2
48675657 1
48675659 2
48703862 1
48705781 2
48821176 1
48821181 1
48832145 1
48832153 1
48832156 1
48832163 2
48834904 1
48927524 1
48927525 2
48927628 1
48928762 1
48938527 3
48938528 2
48938531 2
48938534 1
48938579 2
48941670 2
48958757 2
48980756 3
48999567 1
48999570 1
48999571 1
49000756 1
49046638 1
49089745 1
49089747 1
49136639 4
49185033 17
49185118 1
49206240 1
49292251 1
49292254 1
49292255 1
49304926 5
49304929 8
49305050 4
49305051 5
49305052 5
49305053 2
49305054 5
49305058 5
49305153 7
49331992 1
49511399 1
49532523 2
49578357 1
49578387 1
49578389 1
49623100 2
49655010 1
49655022 1
49760410 1
49813206 1
49813228 1
49813235 1
49814886 1
49884616 1
49884664 3
49884673 3
50261575 1
50265672 1
50265987 1
50281049 1
50506172 1
50638819 1
50638874 1
50638875 1
50638991 1
50639013 1
50639422 1
50640011 1
50640014 1
50885098 5
51032349 1
51032417 1
51039563 1
51039725 2
51080355 1
51080357 2
51080522 1
51081546 4
51081552 2
51081616 1
51081975 1
51081978 5
51081979 1
51082000 1
51082001 12
51082004 1
51082359 4
51082440 4
51082995 2
51167913 1
51765585 2
51940146 1
52255697 4
52258408 3
52340756 1
52349526 1
52447705 7
52492235 2
52492237 4
52492238 1
52492239 1
52492240 2
52492241 4
52492242 4
52492243 5
52492249 2
52492250 1
52492264 1
52577432 1
52577534 8
52577558 7
52582204 1
52617960 4
52704407 2
52705940 1
52956154 1
52957649 1
52983905 1
52983906 1
53367767 1
53554395 1
53554986 1
53556014 1
53556237 1
53603514 3
53638390 1
53638989 2
53749264 1
53799564 2
55211453 2
55221112 18
55221275 1
55222290 2
55222299 1
55616698 1
55693803 1
57772360 1
58414570 3
58415563 3
58436083 1
58465702 1
58603439 1
58827292 1
58887811 1
58930435 1
58930436 1
59150265 5
59272511 1
59569477 1
59707285 1
60547259 1
60547261 1
60547263 1
60575529 1
60575535 1
60575537 1
60611170 1
60615612 1
60615617 1
60615625 1
60616318 1
60616319 1
60616321 1
60710001 1
60710719 1
60770110 1
60770115 3
60770116 1
60770117 2
60775867 1
60775881 1
60780149 1
61129563 2
61129567 1
61129568 2
61160789 1
61819235 1
61819236 5
61819239 1
61819240 2
61819242 5
61819244 3
63019607 1
65134559 1
65134567 1
65686579 1
65755012 1
66601500 1
66683637 1
68830217 1
68830226 1
69226770 1
69226774 1
69920849 2
69920851 2
69997090 1
70235527 1
74245688 1
74441338 2
74441339 1
74441344 1
74459483 2
74459484 2
75375580 1
75438883 1
75672837 1
76025146 1
76025587 1
76376010 1
76564784 1
76564785 1
76587905 2
76705353 1
76705356 1
76706007 1
76843208 3
76843755 1
77051887 1
77051888 6
77051890 11
77051893 6
77052546 9
77083178 2
77115872 1
77115873 1
77430944 1
77618562 1
77620363 2
77620364 1
77626031 2
77626035 2
77666121 1
77666126 1
77666141 1
77708338 1
77708371 1
78008468 1
78032736 1
78325527 1
78337481 10
78337484 6
78394591 1
78394593 1
79726393 1
80645524 1
81513059 1
81513062 1
81513068 1
81513071 3
81523059 1
81754938 4
82201173 3
82222609 1
82885007 1
84137650 2
84984931 2
84984937 8
84984948 1
84984953 1
84984959 5
86198183 2
86198185 2
86249399 1
90941527 1
90941529 16
92403847 1
92559300 4
92699486 1
92699487 1
93052106 5
93052107 6
93281626 1
93613043 1
93615998 1
93616002 1
93705582 3
93705589 3
93707931 1
93814022 1
93841688 4
93842565 2
93842567 1
93842568 1
94087343 1
94110093 4
94110098 1
94110104 4
94110105 1
94764913 1
95108624 1
95137491 2
95199579 1
95199587 1
95340417 9
95340419 1
95340420 4
95464811 1
95509653 1
95513279 1
95513393 1
95513670 1
95516405 1
95516407 1
95598362 3
95640015 3
95640017 6
95640628 1
95676497 1
95745410 1
95806962 1
95838936 1
95839501 1
95839502 1
95930237 1
95930240 1
96054911 1
96193834 1
96193838 1
96193842 1
96193846 1
96419796 1
96493551 2
96641134 3
96849341 1
96849345 1
96898354 2
96898358 1
96898361 1
96898375 2
96929255 2
96929256 1
96929259 1
96930461 1
96930462 1
97153705 1
97153706 1
97165935 5
97165961 1
97165974 1
97165977 1
97165980 1
97165981 1
97165985 1
97177656 1
97177663 1
97560103 1
97560115 1
97560127 1
97633574 1
97701990 2
97782853 1
97941252 1
98615803 2
98710216 1
98711364 4
99254656 1
99310143 3
99368264 9
99369058 6
99498968 3
99498970 1
100006589 1
100006593 2
100125520 2
100300092 4
100300097 4
100304837 1
100397051 1
100603915 2
100603916 2
100603919 1
100610280 1
100610282 1
100610289 2
100610292 1
100610293 1
100969485 1
100969492 1
100976239 1
100976244 1
101585337 1
101600452 1
101600501 1
101603970 1
101786449 1
102074784 2
102074803 1
102153027 1
102154590 1
102154592 1
102159317 1
102159324 1
102159338 1
102159434 1
102159438 1
102159447 1
102159455 1
102159459 1
102205883 1
102205889 1
102205900 1
102205904 1
102209366 1
102209368 1
102216538 1
102290907 3
102290908 3
102290910 3
102290914 1
102290915 3
102290916 2
102327237 1
102342350 1
102602017 1
102602020 1
102602027 1
102602033 1
102602035 1
103573313 1
103775333 1
103775334 1
103775337 1
103775338 1
103775345 1
103775353 1
103775354 1
103776371 1
103776372 1
103776376 1
103978080 1
103980120 1
103981364 2
104624559 1
104790773 1
104795559 1
104917110 1
104973428 1
104994554 2
104994564 2
104994566 1
105003372 1
105362461 1
105362490 1
105592054 1
105679083 1
105754719 1
105843294 1
105843313 1
106132629 9
106177706 1
106205315 2
106205316 1
106205317 1
106314205 1
106314231 1
106365773 1
106745980 1
106745982 9
106746450 2
106746451 1
106746454 6
106746458 4
106746605 9
106746606 1
106747307 2
106747312 2
106747313 4
106747314 1
106749724 1
106749725 1
106752928 1
106752929 1
106752936 7
106752940 1
106752942 2
106752945 4
106752946 2
106752948 5
106752951 4
106752952 2
106752957 4
106752958 5
106752960 2
106754470 4
106754471 4
106754473 1
106754474 7
106754475 4
106754476 5
106754477 4
106754676 1
106796696 1
107254160 7
107254168 1
107254172 2
107254181 2
107256111 1
107256113 1
107256114 1
107256115 3
107256117 2
107257937 2
107292718 1
107292720 6
107292722 1
107292723 1
107292724 6
107292725 2
107292728 4
107292729 9
107292732 2
107292733 1
107292735 2
107292738 2
107293136 2
107305183 5
107305184 2
107305185 1
107401024 1
107495254 6
107495326 2
107541686 3
107541690 1
107541698 2
107578023 7
107628053 2
107628054 1
108131120 1
108131121 1
108131124 1
108152388 1
108152390 1
108152397 1
108158963 1
108226845 2
108226964 5
108327346 1
108327352 1
108349473 2
108564721 2
108564723 5
108564726 11
108564728 7
108564729 1
108565599 1
108565600 3
108565602 2
108565603 8
108565606 12
108566136 1
108566786 1
108566787 2
108566788 1
108566789 2
108570430 1
108570432 2
108570596 3
108573527 5
108586589 1
108865099 1
108881085 1
109086146 1
109137637 2
109137652 1
109373557 1
109469608 1
109937959 2
110597334 6
111141665 1
111141666 4
111141667 2
111142014 4
111142015 5
111692863 2
111692870 1
111692873 1
111692877 6
111692880 1
111692884 1
111692885 2
111732650 1
111822528 2
111822538 1
112071124 1
112071136 1
112263485 1
112263487 1
112403852 3
112446208 2
112659718 1
112663597 1
112663598 1
112715252 1
112715255 2
112715257 1
112715260 4
112715261 1
112715264 1
112715265 1
112715268 2
112724676 3
112724678 1
113006103 2
113006106 1
113968683 1
113993876 2
114099011 1
114099019 2
114099020 3
114099407 1
114099409 1
114099410 2
114252242 3
114537765 1
114580042 1
114867117 2
114923413 2
115377832 1
115377834 2
115507627 1
115649443 2
115649453 2
115649498 2
115649499 2
115649507 2
115649516 3
116237739 6
116260698 8
117073728 3
117592933 1
117744329 1
118563951 1
118563952 5
118569801 1
118569830 1
118569843 1
118659133 13
118659134 3
118659145 2
118659147 13
118706683 1
118709077 1
118709079 1
118709082 1
118709086 1
118709090 2
118709094 1
118709096 2
118709098 1
118709099 1
118709102 1
118709103 1
118709104 1
118709886 2
118709887 3
118709889 1
118709890 3
118709892 1
118709893 1
118709894 1
118709895 3
118709896 2
118709898 1
118762904 2
118762920 1
118762929 1
119143773 3
119161616 1
119161619 1
119161621 1
119161622 5
119237128 1
119237129 1
119237141 1
119239666 1
119260067 1
119260080 3
119306556 1
119679281 1
120512448 1
120512563 1
120512565 2
120513363 5
120513364 5
120513365 3
120513366 1
120513793 1
120513795 2
120514953 1
120514954 1
121392508 2
121392510 1
121392513 1
121392521 3
121392523 1
121393914 1
121395873 1
121400796 5
121402079 6
121403188 4
121403192 4
121403200 3
121455911 7
121455912 2
121455913 2
121455915 2
121455918 1
121459653 1
121459654 2
121459655 2
121459656 5
121464268 1
121464271 5
121464273 3
121464279 1
121464280 2
121466098 1
121466670 2
121466671 2
121466672 9
121466673 1
121466674 1
121469134 2
121470486 2
121470490 3
121470496 1
121471398 4
121531830 1
121548975 1
121548977 1
121548978 1
121548980 1
121548981 2
121548983 2
121726602 2
121726603 2
121726605 1
121726609 2
121726610 6
121726611 3
121726612 5
121741706 1
121771235 1
121805898 2
121805899 1
121805907 1
121812408 1
121812411 1
121812413 1
121812417 1
121897309 3
121897310 3
121897313 1
121897318 1
121897319 1
121897320 1
121897327 1
121897336 1
121897342 1
121898324 1
121898325 1
121898326 2
121898331 1
121898332 1
121898469 2
121900397 1
121900398 1
121900399 1
121900403 5
121900409 1
121900411 2
121900412 1
121900415 1
121900419 1
121900420 1
121900774 2
121900777 2
121904079 3
121906061 1
121906065 1
121906066 1
121906072 1
121906081 1
121906082 1
121906997 1
121907000 1
121909168 1
121911151 1
121911153 10
121911156 2
121911160 1
121911161 4
121911598 1
121911600 2
121911603 1
121962571 1
121963107 1
121963108 1
121963109 1
121963412 2
121990898 1
121990904 1
121990905 1
121990906 1
121990907 1
121990909 1
121990913 1
121990916 1
121990921 3
121996216 1
121996228 1
121996236 2
121996239 1
121997934 1
122002233 1
122077319 3
122077320 18
122077321 1
122077322 1
122079496 1
122079497 4
122079498 4
122079507 1
122079515 1
122080729 1
122081879 2
122081881 1
122081882 5
122104114 1
122104118 3
122104119 2
122104120 1
122106654 1
122106658 3
122106663 1
122106668 1
122106669 2
122109226 2
122109227 2
122109229 1
122109230 1
122109237 1
122109238 5
122110664 2
122110665 6
122110669 5
122110671 21
122157081 5
122157084 1
122157087 1
122157088 1
122173807 1
122185751 1
122185766 2
122185773 1
122185779 12
122185788 7
122185790 1
122185792 5
122187727 8
122225427 1
122225429 1
122227147 1
122229672 1
122232942 1
122251275 1
122251276 2
122254007 4
122254010 1
122274799 2
122279664 2
122289109 1
122291178 2
122364560 1
122365895 1
122365897 1
122371526 2
122371531 1
122374419 1
122379760 1
122403440 1
122411449 5
122411450 3
122411452 1
122411453 3
122643527 3
122644935 1
122663841 1
122670654 1
122676844 1
122681315 1
122725796 1
122760525 1
122789500 1
122930008 2
122943646 1
122964369 1
123021362 1
123021364 1
123029723 1
123632305 3
123633530 1
123874852 1
123874853 1
123914557 1
123937458 1
123953413 1
123953418 1
123964291 1
123964293 1
123964301 1
123964310 2
123964313 2
123964317 1
123971346 2
123971357 1
123974277 1
123974278 1
123979509 1
123979511 1
123979514 1
123981329 1
123981334 4
123981335 1
124034695 10
124034701 7
124034708 1
124034712 2
124034719 5
124034725 5
124046208 1
124046209 1
124046216 2
124046218 1
124046227 1
124046235 1
124046241 1
124046247 1
124046255 1
124048533 2
124048534 1
124048538 1
124048539 2
124048541 1
124053202 1
124053203 1
124053212 5
124066222 1
124066224 1
124098018 1
124098020 1
124098021 1
124098031 1
124098035 1
124184867 1
124184874 1
124184892 4
124184906 5
124184927 1
124195094 2
124195104 1
124195114 1
124195115 1
124196648 2
124198515 1
124198516 1
124198518 1
124198521 1
124198524 2
124198526 1
124198527 1
124198528 2
124199244 6
124199245 1
124199246 1
124214087 2
124214106 1
124214126 2
124214127 2
124262197 1
124271837 1
124271841 1
124271843 1
124271844 1
124347422 1
124457251 3
124516078 1
124516079 2
124516096 1
124516100 2
124550326 1
124550328 1
124550333 1
124622259 1
124622262 1
124622265 2
124622278 1
124643415 2
124643416 1
124796023 2
124796024 2
124796027 1
124909755 1
124909763 14
124953101 11
124953102 5
125151692 3
125225988 1
125374923 1
125374931 2
125374932 1
125374992 1
125375016 1
125375018 1
125566953 4
125733976 1
125742174 2
125742178 2
125781189 1
125831640 2
125860584 1
125860585 1
125860587 1
125860598 2
125915785 2
125985729 1
125987179 1
125987180 4
125987182 1
125988143 1
125988150 1
126079594 11
126146476 1
126431994 5
126432001 5
127468118 3
127515687 1
127515694 1
127515696 1
127515700 1
127531039 1
127676095 3
127676289 1
127840343 1
127840347 3
127840348 1
127942187 1
128175875 1
128175881 1
128175882 1
128244546 1
128364005 1
128364580 2
128364582 1
128382081 3
128386019 1
128541419 2
128546216 1
128546762 3
128546763 10
128633971 1
128648681 8
128648683 6
128648692 1
128648694 3
128648697 4
128648701 1
128648702 1
128665302 1
128665303 6
128665305 1
128665307 22
128665312 2
128665314 14
128665321 11
128665322 5
128665323 6
128665325 1
128665329 7
128665330 3
128665332 3
128665336 4
128665337 3
128665338 2
128665339 15
128665341 2
128665342 1
128665343 7
128665345 1
128665347 2
128665350 1
128665353 3
128665354 2
128669213 1
128669220 2
128669225 2
128669227 4
128669229 2
128669230 2
128669231 1
128669232 2
128670775 1
128672634 2
128672635 3
128672638 12
128676651 1
128676656 2
128676658 1
128676666 2
128676668 2
128740200 1
128740206 1
128740207 1
128862124 5
128862129 1
128862130 2
128862131 1
128926562 1
128931442 2
128986739 1
129040734 1
129040736 1
129055458 1
129055460 1
129102602 1
129115592 1
129115593 1
129115600 1
129170653 1
129170659 3
129170665 1
129170806 2
129170807 5
129252053 1
129252072 1
129252075 1
129260701 1
129377312 1
129413490 1
129413491 4
129413492 1
129413493 2
129413494 1
129414574 2
129580829 1
129767549 1
129889500 2
129889556 2
129889561 1
129889577 1
130017521 1
130017523 1
130097835 2
130097836 1
130248350 2
130248357 1
130248364 1
130248366 2
130269666 3
130269671 1
130269675 16
130351735 1
130405508 4
130410689 1
130410701 1
130410704 1
130410710 2
130434078 1
130533473 1
130533488 1
130533489 1
130533491 1
130533492 1
130557779 1
130714807 2
130714810 1
130714811 1
130714812 1
130807530 1
130807537 1
130807539 1
130807543 1
130920756 1
131146036 1
131201867 1
131235412 3
131476995 4
131476997 1
131476998 2
131477000 1
132007424 6
132535351 1
132617713 2
132617714 2
132617715 1
132617732 2
133474379 3
133474382 5
135417801 1
135417804 1
135417805 1
135930645 1
135977908 1
135977913 1
135977914 1
135977916 1
135981653 1
136065320 1
136065322 1
136547104 4
136547105 1
136549196 1
136887311 1
137055273 1
137055277 1
137055281 1
137061333 3
137061335 1
137061474 1
137112602 1
137153049 1
137153051 1
137153055 2
137160091 1
137160094 3
137160100 1
137309354 1
137389782 2
137470196 1
137470198 1
137470199 2
137470200 7
137470204 4
137470205 7
137472874 1
138006038 1
138006043 1
138006045 1
138006053 2
138145091 2
138179233 1
138179238 2
138179240 1
138179248 1
138270818 1
139233469 2
139233473 5
139456621 9
139476074 1
139584781 1
139680005 3
139680009 1
139680035 8
139680062 1
139680063 1
140151644 1
140151645 1
140151646 1
140186776 4
140333801 1
140435810 3
140435811 8
140435812 6
140435817 1
140435818 1
140507880 3
140507881 2
140507884 1
140507886 1
140655477 1
140943595 4
140943597 1
141760468 1
141760474 1
141760475 1
141760476 1
141760481 1
141859892 12
142042076 1
142042080 2
142042082 2
142042083 2
142064426 3
142113563 1
142304808 2
142371886 1
142371901 2
142371904 1
142391300 1
142391306 2
142413720 1
142947155 1
143063407 2
143063409 3
143068505 1
143197521 2
143197522 2
143310522 3
143323462 1
143323471 2
143323477 1
143323492 1
143323495 1
143383283 2
143383301 1
143408575 1
143408585 1
143415281 2
143494726 1
143494727 1
143494730 1
143551567 1
143560253 1
143571776 3
143571793 1
143571798 1
143577380 1
143577385 2
143577389 2
143577395 1
143577422 1
143725208 1
143974261 1
144047855 1
144047857 3
144047859 2
144049711 1
144074551 1
144074553 2
144074555 1
144074557 4
144078978 1
144097893 3
144097897 2
144097902 5
144097906 4
144097907 3
144097920 1
144175038 8
144175042 2
144175958 1
144176439 6
144224681 2
144224683 1
144349622 1
144575865 2
144910639 1
144910640 1
144910642 1
144912411 1
144912413 3
144912414 3
144916769 3
144916771 2
144916774 1
144925769 2
144962184 1
144962186 3
144962191 3
144962194 1
144962198 2
144962199 3
144962201 4
145034574 1
145203698 3
145203700 3
145334694 1
145334698 2
145533538 1
146074492 1
146288704 1
146288705 8
146380707 1
146380980 2
146688892 1
146688893 1
147098712 1
147098715 2
147124636 1
147124637 1
147124638 1
147124814 6
147125840 1
147125842 4
147125844 8
147125845 3
147200272 1
147478044 1
147486565 1
147532905 1
147532906 1
147855202 1
147855209 1
147855210 1
148105217 1
148199351 1
148276389 1
148284853 1
148316133 1
148359914 1
148359921 1
148359923 2
148525611 2
148525613 1
148525614 1
148525617 1
150252024 1
150892057 1
151278039 2
151362420 1
151571814 3
151571815 2
151573314 1
151573315 2
152146050 3
153585843 1
154072332 1
154072333 1
154072335 1
154681103 1
154747061 1
154747064 1
155056941 1
155166968 1
155228150 1
155876904 1
156243605 4
156571135 1
156571153 1
156805505 1
156805506 1
157071061 1
157087876 1
157137763 1
157137770 1
157137773 1
157137775 1
157137776 1
157137778 1
157674221 1
157676066 1
157676073 1
157676074 1
157932439 1
157959419 1
158787937 3
158870618 1
159080850 1
159080853 1
159080855 1
159080858 2
159080859 1
159080863 1
159080875 1
159080876 1
159083058 5
159234205 1
159237376 2
159343432 2
159380843 1
159523795 1
159523796 1
159524919 6
159524927 1
159813260 3
159813261 1
159830886 2
160331932 3
160331934 3
160334594 1
161183803 1
161183806 2
161183816 1
161183817 1
161183821 1
161388741 1
161611133 2
161611140 1
161613557 1
163065467 1
163065469 1
163205263 4
163574453 2
163807017 1
163826560 1
163949957 1
163950161 1
163950795 1
164050021 1
164654892 1
164767969 1
164855410 1
165335372 1
165335730 1
165557028 1
165613081 1
165905667 2
165906723 3
165913043 3
166170347 2
166170350 4
166170354 2
166396047 2
166396048 2
166652993 1
166652994 1
166652996 2
166652997 1
166652999 1
166653000 1
166812808 1
166812811 1
167233520 1
167255879 2
167578356 1
167578359 2
167651948 1
167703048 1
167782401 2
167782408 4
167782412 6
167959412 2
167959414 1
167986211 1
168143580 1
168200159 12
168275459 1
168275460 1
168275463 1
168301930 1
168314389 2
168441377 1
168446199 1
168522518 1
168571250 2
168700550 1
168700551 10
168942537 1
169225010 1
169506727 1
169542376 1
169542377 1
169546874 1
169718215 1
169786870 1
169787949 2
169879803 2
170023436 1
170023439 1
171045856 1
171457677 1
171462540 1
172012246 1
172064495 6
172064502 3
172064504 1
172064509 1
172071303 1
172071306 2
172073409 3
172073951 1
172413601 1
172533564 1
172851728 1
174639749 1
174742979 2
177433019 2
177433021 1
177923620 1
178069702 1
178469119 1
178469121 1
178471726 2
178471727 1
179048988 1
179456745 1
180216918 3
180216928 1
180365405 1
180560168 1
180637822 1
180764869 1
180764873 1
180764874 1
181017505 1
181029527 1
181029791 5
181029792 1
181029793 7
181029794 2
181029796 1
181029797 5
181228380 1
181334436 1
181367398 1
181417922 1
182014832 1
182038037 6
182437761 1
182459976 1
182783199 1
182796150 1
182796151 1
183452215 12
183455489 1
183567731 1
183665638 1
183755463 1
183920512 1
183920513 1
183920514 1
184021901 2
184136387 1
184154616 2
184263326 5
184355730 3
184358762 3
184508798 1
184508805 1
184508806 1
184508807 2
184508808 1
184508828 1
184548846 1
184548850 1
184549840 1
184549841 1
184549842 1
184551772 1
184553786 4
184553787 4
184553789 6
184553797 2
184553800 1
184553802 3
184555063 1
184555066 5
184555071 1
184560516 1
184560517 1
184680513 4
184680518 1
184680526 1
184680533 1
184686125 5
184686126 3
184686127 1
184686129 12
184686429 5
184686431 2
184686432 2
184688752 2
184688753 2
184688757 1
184688762 1
184762457 2
184762461 4
184762463 1
184762464 2
184767406 1
184767408 1
184767409 1
184775522 1
184775523 1
184775527 1
184775529 1
184775531 3
184775534 3
184775542 1
184783658 1
184789924 1
184789925 1
184817912 1
184817915 1
184817923 1
184817928 1
184817930 1
184817937 1
184817938 1
184817943 1
184817945 1
184817946 1
184817950 1
184817970 1
184817990 1
184839822 1
184839825 1
184841577 1
184842003 1
184842004 2
184842005 1
184842006 1
184905842 1
184986191 2
184986214 1
185130632 1
185130633 1
185130639 1
185130641 1
185130644 1
185130648 2
185130677 1
185130681 1
185130684 1
185130690 2
185140287 3
185140301 1
185140308 1
185140311 1
185140322 1
185140324 1
185140327 1
185140332 1
185140334 1
185140946 3
185168249 1
185179759 1
185272198 2
185317234 1
185317235 1
185317237 1
185317238 1
185317240 1
185317248 1
185318422 1
185325999 1
185326011 1
185334754 1
185351197 1
185487781 1
185487784 3
185487785 1
185556976 1
185556977 2
185586082 6
185586084 3
185586087 1
185586090 2
185586093 1
185586095 2
185586096 3
185586098 5
185586107 1
185812466 1
185828851 1
185888877 2
186001864 2
186004324 2
186004325 1
187233969 1
187233977 1
187233978 1
187233981 2
187233982 1
187771648 1
187775824 1
187776458 5
187776459 10
187776464 1
187776469 1
188066221 1
188066222 1
188126988 1
188394886 1
188394887 1
188487985 1
188487987 1
188487988 2
188487989 1
188487994 9
188487995 1
188487996 1
188487999 1
188488014 1
188488017 1
188516034 6
188516039 5
188519617 1
188728063 5
189233233 2
189465646 2
189465650 2
189465651 3
189465657 1
189536584 1
189722713 2
189733335 1
189740277 1
189740279 1
190022892 1
190022918 1
190022922 16
190022934 1
190043641 1
190043682 1
190043683 1
190062921 1
190062937 2
190062982 2
190310795 1
190348560 2
190349529 1
190361254 2
190361258 1
190361276 2
190502711 1
190502847 3
190511192 1
190525392 1
190525535 1
190525569 2
190525592 3
190525601 3
190525615 1
190525636 1
190525644 1
190525660 3
190598700 8
190598703 1
190598704 1
190598707 2
190598709 2
190598710 1
190598718 1
190598719 5
190598722 1
190639860 2
190639861 1
190639863 2
190640992 4
190816607 5
190816608 2
190816609 1
190818975 2
190818978 2
190830799 1
190830802 1
190830817 1
190952256 1
190952258 1
190952259 1
190983371 1
191009715 1
191101393 2
191101395 1
191101396 1
191158665 3
191159414 1
191503064 1
191566844 1
191602063 1
191606950 1
191643761 1
191643763 1
191643764 1
191645849 1
192075622 7
192075623 5
192076281 6
192076758 1
192081370 3
192081371 12
192085431 1
192110345 1
192110346 5
192110348 6
192110350 2
192110356 2
192113531 1
192113535 1
192919251 2
193337802 2
193342630 4
193388003 7
193388004 1
193860900 1
193887796 1
193903676 1
194456161 2
194456162 1
194456173 1
194457107 1
194712762 1
194712763 3
194823526 1
194839656 3
194839659 1
195742117 7
195825992 2
196147265 1
196290718 1
196319700 1
196782699 3
196782700 1
196782709 1
196784141 1
196906888 1
196906905 1
197065753 1
197294584 1
197461080 1
197525690 1
199488024 1
199488028 1
200048081 1
200048083 1
200048084 1
200082445 1
200084235 1
200237033 2
200237560 1
200237734 1
200248589 3
200449557 2
200449558 1
200449559 3
200449560 2
200449561 1
200449563 5
200775124 1
200858503 1
200858504 1
200858505 1
200858508 4
200858509 3
200858510 1
200858511 1
200858512 1
200858513 1
200858514 1
200858702 2
200858703 2
200996787 4
200996789 4
201007333 1
201008856 1
201008858 1
201039132 12
201039133 3
201199882 2
201211220 1
201289530 1
201337244 5
201337247 6
201337255 1
201347563 1
201419943 3
201453744 6
201474075 4
201474076 8
201474077 1
201474080 2
201475710 1
201476092 1
201477512 1
201496091 2
201496094 1
201496096 1
201512867 1
201512869 2
201512871 1
201610344 2
201610347 3
201664367 1
201664369 3
201664370 7
201664372 1
201664375 1
201786967 1
202133464 1
202148094 4
202277886 2
202304076 1
202304078 1
202304080 1
202304082 1
202304083 1
202304086 1
202304093 1
202304094 1
202304096 1
202304097 1
202332594 1
202341859 1
202461347 1
202461350 2
202461355 3
202490542 2
202490543 1
202550145 1
202550146 1
202554369 1
202554370 2
202564591 2
202564594 1
202564595 1
202564596 1
202564599 1
202591021 2
202591022 1
202591023 1
202594966 1
202613741 1
202654014 1
202663132 1
202663133 1
202663135 1
202663141 1
202663142 1
202663147 2
202663151 1
202663158 2
202663172 1
202663177 1
202710214 1
202753971 1
202784991 1
203040993 1
203040995 2
203041011 1
203041013 3
203150437 4
203150440 1
203150441 3
203150442 1
203181631 2
203181633 1
203181636 1
203236225 1
203342916 1
203348352 1
203479972 1
203752587 1
203752588 1
203752592 1
203752595 1
203757614 1
203858799 1
203858800 1
203858811 3
203861695 1
203861781 1
203960287 1
203960291 1
203960984 2
203960985 1
203984756 5
203984762 1
204002335 1
204002337 1
204007060 11
204007227 1
204149302 1
204149303 1
204163763 1
204163766 5
204163767 1
204163774 1
204163778 1
204163781 1
204163782 2
204165875 1
204165876 1
204369292 1
204388368 5
204390269 6
204472897 2
204472898 1
205007798 2
205572242 2
205707864 1
205707865 1
205709426 3
205709427 2
205709429 2
205709430 5
208624932 1
208624933 1
209185934 1
209185952 1
209669192 1
210205796 1
210307731 1
210592545 1
210676303 2
211541528 1
211668764 1
211733631 22
212128601 2
212505273 1
213388408 2
214833545 1
215331126 4
215420485 2
215420486 2
215420487 3
215420488 2
215422927 2
215422928 3
215476832 1
215476833 1
215479495 1
215801331 2
216271509 1
216632209 11
217017450 2
217017455 2
217026774 2
217026778 1
217542697 5
217556086 6
217556088 5
217556089 2
217556090 6
217556091 6
217556093 3
217556096 1
217582012 1
217599291 4
217704384 1
217704387 1
217704390 1
217704391 1
217704392 2
217704394 3
217704395 2
217704397 2
217704400 2
217704403 1
217704405 2
217704406 2
217704412 6
217704415 1
218059318 3
218325151 1
218390707 1
218720704 2
218720705 1
218720706 3
218720707 1
218809737 3
218812443 1
218949681 2
219168681 1
219168726 1
219208018 1
219333177 4
219333179 3
220168188 1
220168190 1
220168197 3
220184281 1
220218290 5
220230155 1
220272842 1
220274291 6
220274292 1
220274293 1
220274294 3
220274295 2
220274296 6
220274298 2
220274300 2
220540728 1
220545802 2
220546963 1
220670101 1
220741723 1
221010406 1
221010545 2
221180477 1
221266734 1
221907894 1
222120972 1
222154889 3
222174152 1
222174155 1
222227753 1
222227764 4
222780240 1
222780241 1
222782139 1
222782141 1
222782142 1
222862832 1
223139259 1
223139260 1
223267594 1
223269710 1
223345795 1
223345797 1
223956142 1
224976701 3
224976704 1
225335900 7
225335902 4
225787927 1
226211647 1
227494538 2
227497908 1
227764335 1
227764342 1
228097267 1
228136324 1
228136326 2
228136328 1
228494045 1
229538789 5
229538793 7
229645757 2
230516762 1
230516763 1
230516779 1
230579406 3
230930859 1
230931514 1
230933251 2
230933253 1
231081166 1
231081168 1
231632424 4
231632427 2
231632455 10
231807589 2
231807590 1
232132609 1
232132610 4
232132611 1
232148105 2
232183084 2
232183086 2
232183087 1
232183088 1
232183089 1
232183090 1
232183094 3
232341929 2
232341930 2
232393631 1
232418214 1
232418216 1
232418217 8
232419808 3
232419809 2
232538594 1
232538596 1
232538602 1
232538603 1
232538604 1
232538605 1
232538607 1
232538608 1
232538609 1
232687721 1
232687722 1
232707575 2
232714950 1
232714951 1
232714953 1
232714955 1
232714956 2
232714957 3
232714958 2
232765094 5
232940097 1
232940100 1
234146808 1
234146818 12
234445879 1
234445880 1
234449803 2
234449808 1
234997580 1
234997582 1
234997585 1
234997587 1
234997595 1
234997596 1
235145044 1
235181823 1
235181825 1
235182128 1
235197472 1
235197479 1
235197513 1
235197520 1
235322572 1
235467864 1
235467866 1
235481870 1
235481871 1
236186083 2
236485688 1
236815953 1
236815957 1
236891523 1
236891528 1
236891529 2
236891532 2
236891534 1
236891542 2
236894418 9
237796645 1
237796646 4
237796647 1
237796648 3
237796650 5
237797691 3
239123391 1
239517342 1
239517347 1
239860577 3
240191658 1
240195354 4
240202649 1
240299042 1
240299043 1
241007452 2
241772108 1
242345819 8
242345820 5
242345821 1
243221078 3
243707322 2
243710015 3
243722805 4
243871034 1
243871035 2
245210493 7
245466180 1
245466181 1
245909065 1
246725658 8
247526243 2
247526244 2
247526872 2
247526874 1
247811613 1
247815599 2
247815600 4
247817154 1
248089237 1
248089692 1
249069112 1
249400225 1
249400230 1
249402506 1
249402513 2
